  6.58    -40.18     47.27     -9.52    -41.15    
-39.13     48.33      6.61     37.34     46.14    
 42.96     37.56    -14.37     26.15    -48.51    
 -7.85     -4.02     12.34    -42.93     44.23    
-13.90    -34.91    -46.11    -47.28      4.58    
 13.22    -35.34     -6.21     43.54    -48.18    
-11.21     40.24      6.82     -2.01      5.49    
 46.81     47.92     35.37    -48.55     -7.38    
 39.82    -34.22    -27.67     41.63     -5.12    
 38.99    -12.02    -12.21     -5.47     -0.61    
-48.34     -1.40     -7.90    -27.59     -5.15    
 10.96     -0.49     16.05     15.00    -46.73    
 -0.41    -36.92    -49.96    -31.88    -33.37    
  2.78    -25.33     48.67     40.37    -28.56    
-43.99     25.28    -46.85    -12.18      7.56    
 43.79    -35.08    -21.89    -15.23     45.18    
 21.71     14.77     49.46      8.95     29.80    
-47.23    -45.77     44.67     40.09     46.04    
 18.91    -43.62     -7.39     28.50     20.79    
-45.90     -6.24     28.51      8.86     31.46    

-49.96    -48.51    -48.18    -48.55    -48.34    
-47.23    -47.28    -46.85    -45.77    -46.73    
-45.90    -46.11    -43.62    -43.99    -42.93    
-40.18    -41.15    -39.13    -36.92    -35.34    
-34.91    -33.37    -34.22    -35.08    -31.88    
-27.59    -27.67    -28.56    -25.33    -21.89    
-14.37    -15.23    -13.90    -12.21    -11.21    
-12.18    -12.02     -9.52     -7.90     -7.38    
 -7.85     -7.39     -5.47     -6.24     -6.21    
 -5.15     -5.12     -4.02     -2.01     -0.49    
 -0.41     -0.61     -1.40      2.78      4.58    
  5.49      6.58      6.61      6.82      7.56    
  8.95      8.86     10.96     13.22     12.34    
 14.77     15.00     16.05     18.91     21.71    
 20.79     25.28     26.15     28.50     28.51    
 29.80     31.46     35.37     37.56     37.34    
 38.99     40.09     40.24     39.82     40.37    
 41.63     42.96     43.79     43.54     45.18    
 44.23     46.14     44.67     46.04     47.92    
 47.27     46.81     48.33     48.67     49.46    
