   1     312    -263    -129     424    
-168    -117     381    -194      11    
 296    -337     145     267     253    
-469      66     202     307    -348    
 244      35     140     174     219    
-292     152      52     472     242    
 194    -369     128     -24     325    
-103      67    -329     466     184    
-424     156    -371     113    -396    
  -8     374    -247     117     466    
-152      85     366    -345    -437    
 429     302     224     379    -285    
 399    -336     -26     440    -338    
 450     198     147    -388    -351    
-275     -63     488      28    -390    
 246    -165     269    -465     132    
 -20      65      14     489    -419    
-464     154     302    -495    -332    
-433    -430    -348    -163     284    
-135     -53     -15     106    -111    

-495    -469    -465    -464    -437    
-433    -430    -424    -419    -396    
-390    -388    -371    -369    -351    
-348    -348    -345    -338    -337    
-336    -332    -329    -292    -285    
-275    -263    -247    -194    -168    
-165    -163    -152    -135    -129    
-117    -111    -103     -63     -53    
 -26     -24     -20     -15      -8    
   1      11      14      28      35    
  52      65      66      67      85    
 106     113     117     128     132    
 140     145     147     152     154    
 156     174     184     194     198    
 202     219     224     242     244    
 246     253     267     269     284    
 296     302     302     307     312    
 325     366     374     379     381    
 399     424     429     440     450    
 466     466     472     488     489    
